solid thingi10k_90226
  facet normal -0.7071067811835265 0.7071067811835265 2.923124671320903e-06
    outer loop
      vertex 0.6516190476190474 5.550426666666667 5.656857142857143
      vertex 2.4495733333333334 7.3483809523809525 5.656857142857143
      vertex 0.0 4.898811428571428 4.735329523809523
    endloop
  endfacet
  facet normal -0.7071067811835267 0.7071067811835265 2.923124671764345e-06
    outer loop
      vertex 0.0 4.898811428571428 4.735329523809523
      vertex 2.4495733333333334 7.3483809523809525 5.656857142857143
      vertex 3.101188571428571 8.0 4.735329523809523
    endloop
  endfacet
  facet normal -0.7071067811865476 0.7071067811865475 0.0
    outer loop
      vertex 0.0 4.898811428571428 4.735329523809523
      vertex 3.101188571428571 8.0 4.735329523809523
      vertex 3.101188571428571 8.0 2.192632380952381
    endloop
  endfacet
  facet normal -0.7071075397482258 0.7071060226216346 -1.8503562877406797e-06
    outer loop
      vertex 0.0 4.898811428571428 4.735329523809523
      vertex 3.101188571428571 8.0 2.192632380952381
      vertex 2.4495733333333334 7.3483809523809525 1.271104761904762
    endloop
  endfacet
  facet normal -0.7071067811863337 0.7071067811863339 -7.775881484870173e-07
    outer loop
      vertex 0.0 4.898811428571428 4.735329523809523
      vertex 2.4495733333333334 7.3483809523809525 1.271104761904762
      vertex 0.6516190476190474 5.550426666666667 1.271104761904762
    endloop
  endfacet
  facet normal -0.7071047142181711 0.7071088481488819 0.0
    outer loop
      vertex 0.0 4.898811428571428 4.735329523809523
      vertex 0.6516190476190474 5.550426666666667 1.271104761904762
      vertex 0.0 4.898811428571428 2.192632380952381
    endloop
  endfacet
  facet normal -1.0 0.0 0.0
    outer loop
      vertex 0.0 3.101188571428571 4.735329523809523
      vertex 0.0 4.898811428571428 4.735329523809523
      vertex 0.0 3.101188571428571 2.192632380952381
    endloop
  endfacet
  facet normal -1.0 0.0 0.0
    outer loop
      vertex 0.0 3.101188571428571 2.192632380952381
      vertex 0.0 4.898811428571428 4.735329523809523
      vertex 0.0 4.898811428571428 2.192632380952381
    endloop
  endfacet
  facet normal -0.8164986390326525 -0.0 -0.5773473585787208
    outer loop
      vertex 1.5504190476190474 4.651615238095238 0.0
      vertex 1.5504190476190474 3.3483847619047618 0.0
      vertex 0.6516190476190474 5.550426666666667 1.271104761904762
    endloop
  endfacet
  facet normal -0.8164986390326527 -0.0 -0.5773473585787209
    outer loop
      vertex 0.6516190476190474 5.550426666666667 1.271104761904762
      vertex 1.5504190476190474 3.3483847619047618 0.0
      vertex 0.6516190476190474 2.4495733333333334 1.271104761904762
    endloop
  endfacet
  facet normal -0.8164963223277573 -0.0 -0.577350634905035
    outer loop
      vertex 0.6516190476190474 5.550426666666667 1.271104761904762
      vertex 0.6516190476190474 2.4495733333333334 1.271104761904762
      vertex 0.0 3.101188571428571 2.192632380952381
    endloop
  endfacet
  facet normal -0.8164963223277572 0.0 -0.577350634905035
    outer loop
      vertex 0.6516190476190474 5.550426666666667 1.271104761904762
      vertex 0.0 3.101188571428571 2.192632380952381
      vertex 0.0 4.898811428571428 2.192632380952381
    endloop
  endfacet
  facet normal -0.8164974806694547 -3.475060725061973e-06 0.5773489967501091
    outer loop
      vertex 0.6516190476190474 2.4495733333333334 5.656857142857143
      vertex 1.5504190476190474 3.3483847619047618 6.927961904761904
      vertex 0.0 3.101188571428571 4.735329523809523
    endloop
  endfacet
  facet normal -0.8164976653593801 0.0 0.5773487355686179
    outer loop
      vertex 0.0 3.101188571428571 4.735329523809523
      vertex 1.5504190476190474 3.3483847619047618 6.927961904761904
      vertex 1.5504190476190474 4.651615238095238 6.927961904761904
    endloop
  endfacet
  facet normal -0.8164981521941174 1.460508277379703e-06 0.5773480470751234
    outer loop
      vertex 0.0 3.101188571428571 4.735329523809523
      vertex 1.5504190476190474 4.651615238095238 6.927961904761904
      vertex 0.6516190476190474 5.550426666666667 5.656857142857143
    endloop
  endfacet
  facet normal -0.8164963223277575 0.0 0.5773506349050347
    outer loop
      vertex 0.0 3.101188571428571 4.735329523809523
      vertex 0.6516190476190474 5.550426666666667 5.656857142857143
      vertex 0.0 4.898811428571428 4.735329523809523
    endloop
  endfacet
  facet normal -0.5000003010813852 0.500000301081385 -0.7071063553929131
    outer loop
      vertex 3.3483847619047618 6.449580952380953 0.0
      vertex 1.5504190476190474 4.651615238095238 0.0
      vertex 2.4495733333333334 7.3483809523809525 1.271104761904762
    endloop
  endfacet
  facet normal -0.500000301081385 0.500000301081385 -0.707106355392913
    outer loop
      vertex 2.4495733333333334 7.3483809523809525 1.271104761904762
      vertex 1.5504190476190474 4.651615238095238 0.0
      vertex 0.6516190476190474 5.550426666666667 1.271104761904762
    endloop
  endfacet
  facet normal 0.0 0.8164963223277573 -0.577350634905035
    outer loop
      vertex 4.898811428571428 8.0 2.192632380952381
      vertex 5.550426666666667 7.3483809523809525 1.271104761904762
      vertex 3.101188571428571 8.0 2.192632380952381
    endloop
  endfacet
  facet normal 1.4605082776556866e-06 0.8164981521941174 -0.5773480470751232
    outer loop
      vertex 3.101188571428571 8.0 2.192632380952381
      vertex 5.550426666666667 7.3483809523809525 1.271104761904762
      vertex 4.651615238095238 6.449580952380953 0.0
    endloop
  endfacet
  facet normal 0.0 0.81649766535938 -0.577348735568618
    outer loop
      vertex 3.101188571428571 8.0 2.192632380952381
      vertex 4.651615238095238 6.449580952380953 0.0
      vertex 3.3483847619047618 6.449580952380953 0.0
    endloop
  endfacet
  facet normal -3.475060725718635e-06 0.8164974806694546 -0.5773489967501092
    outer loop
      vertex 3.101188571428571 8.0 2.192632380952381
      vertex 3.3483847619047618 6.449580952380953 0.0
      vertex 2.4495733333333334 7.3483809523809525 1.271104761904762
    endloop
  endfacet
  facet normal 0.0 1.0 0.0
    outer loop
      vertex 4.898811428571428 8.0 4.735329523809523
      vertex 4.898811428571428 8.0 2.192632380952381
      vertex 3.101188571428571 8.0 4.735329523809523
    endloop
  endfacet
  facet normal 0.0 1.0 0.0
    outer loop
      vertex 3.101188571428571 8.0 4.735329523809523
      vertex 4.898811428571428 8.0 2.192632380952381
      vertex 3.101188571428571 8.0 2.192632380952381
    endloop
  endfacet
  facet normal 0.0 0.8164986390326526 0.5773473585787207
    outer loop
      vertex 4.651615238095238 6.449580952380953 6.927961904761904
      vertex 5.550426666666667 7.3483809523809525 5.656857142857143
      vertex 3.3483847619047618 6.449580952380953 6.927961904761904
    endloop
  endfacet
  facet normal 2.014552447857946e-06 0.8164969938399558 0.5773496852395926
    outer loop
      vertex 3.3483847619047618 6.449580952380953 6.927961904761904
      vertex 5.550426666666667 7.3483809523809525 5.656857142857143
      vertex 4.898811428571428 8.0 4.735329523809523
    endloop
  endfacet
  facet normal 0.0 0.8164976653593801 0.577348735568618
    outer loop
      vertex 3.3483847619047618 6.449580952380953 6.927961904761904
      vertex 4.898811428571428 8.0 4.735329523809523
      vertex 3.101188571428571 8.0 4.735329523809523
    endloop
  endfacet
  facet normal -3.47506072528086e-06 0.8164974806694547 0.577348996750109
    outer loop
      vertex 3.3483847619047618 6.449580952380953 6.927961904761904
      vertex 3.101188571428571 8.0 4.735329523809523
      vertex 2.4495733333333334 7.3483809523809525 5.656857142857143
    endloop
  endfacet
  facet normal -0.500000301081385 0.5000003010813849 0.707106355392913
    outer loop
      vertex 1.5504190476190474 4.651615238095238 6.927961904761904
      vertex 3.3483847619047618 6.449580952380953 6.927961904761904
      vertex 2.4495733333333334 7.3483809523809525 5.656857142857143
    endloop
  endfacet
  facet normal -0.500000301081385 0.500000301081385 0.7071063553929132
    outer loop
      vertex 0.6516190476190474 5.550426666666667 5.656857142857143
      vertex 1.5504190476190474 4.651615238095238 6.927961904761904
      vertex 2.4495733333333334 7.3483809523809525 5.656857142857143
    endloop
  endfacet
  facet normal -0.7071067811835264 -0.7071067811835264 -2.923124671605193e-06
    outer loop
      vertex 0.6516190476190474 2.4495733333333334 1.271104761904762
      vertex 2.4495733333333334 0.6516190476190474 1.271104761904762
      vertex 3.101188571428571 0.0 2.192632380952381
    endloop
  endfacet
  facet normal -0.7071080895872262 -0.7071054727826341 1.0727680503594531e-06
    outer loop
      vertex 2.4495733333333334 0.6516190476190474 5.656857142857143
      vertex 0.6516190476190474 2.4495733333333334 1.271104761904762
      vertex 3.101188571428571 0.0 4.735329523809523
    endloop
  endfacet
  facet normal -0.7071073310253969 -0.7071062313472706 -0.0
    outer loop
      vertex 3.101188571428571 0.0 4.735329523809523
      vertex 0.6516190476190474 2.4495733333333334 1.271104761904762
      vertex 3.101188571428571 0.0 2.192632380952381
    endloop
  endfacet
  facet normal -0.7071067811865476 -0.7071067811865476 -0.0
    outer loop
      vertex 0.6516190476190474 2.4495733333333334 5.656857142857143
      vertex 0.6516190476190474 2.4495733333333334 1.271104761904762
      vertex 2.4495733333333334 0.6516190476190474 5.656857142857143
    endloop
  endfacet
  facet normal -0.7071047142181709 -0.7071088481488821 0.0
    outer loop
      vertex 0.0 3.101188571428571 4.735329523809523
      vertex 0.6516190476190474 2.4495733333333334 1.271104761904762
      vertex 0.6516190476190474 2.4495733333333334 5.656857142857143
    endloop
  endfacet
  facet normal -0.7071047142181709 -0.7071088481488822 0.0
    outer loop
      vertex 0.0 3.101188571428571 2.192632380952381
      vertex 0.6516190476190474 2.4495733333333334 1.271104761904762
      vertex 0.0 3.101188571428571 4.735329523809523
    endloop
  endfacet
  facet normal -0.500000301081385 -0.500000301081385 -0.7071063553929132
    outer loop
      vertex 3.3483847619047618 1.5504190476190474 0.0
      vertex 2.4495733333333334 0.6516190476190474 1.271104761904762
      vertex 1.5504190476190474 3.3483847619047618 0.0
    endloop
  endfacet
  facet normal -0.500000301081385 -0.500000301081385 -0.7071063553929131
    outer loop
      vertex 1.5504190476190474 3.3483847619047618 0.0
      vertex 2.4495733333333334 0.6516190476190474 1.271104761904762
      vertex 0.6516190476190474 2.4495733333333334 1.271104761904762
    endloop
  endfacet
  facet normal -0.0 -0.0 -1.0
    outer loop
      vertex 4.651615238095238 6.449580952380953 0.0
      vertex 6.449580952380953 4.651615238095238 0.0
      vertex 3.3483847619047618 6.449580952380953 0.0
    endloop
  endfacet
  facet normal 0.0 0.0 -1.0
    outer loop
      vertex 3.3483847619047618 6.449580952380953 0.0
      vertex 6.449580952380953 4.651615238095238 0.0
      vertex 6.449580952380953 3.3483847619047618 0.0
    endloop
  endfacet
  facet normal 0.0 0.0 -1.0
    outer loop
      vertex 3.3483847619047618 6.449580952380953 0.0
      vertex 6.449580952380953 3.3483847619047618 0.0
      vertex 4.651615238095238 1.5504190476190474 0.0
    endloop
  endfacet
  facet normal 0.0 0.0 -1.0
    outer loop
      vertex 3.3483847619047618 6.449580952380953 0.0
      vertex 4.651615238095238 1.5504190476190474 0.0
      vertex 3.3483847619047618 1.5504190476190474 0.0
    endloop
  endfacet
  facet normal 0.0 -0.0 -1.0
    outer loop
      vertex 3.3483847619047618 6.449580952380953 0.0
      vertex 3.3483847619047618 1.5504190476190474 0.0
      vertex 1.5504190476190474 3.3483847619047618 0.0
    endloop
  endfacet
  facet normal 0.0 0.0 -1.0
    outer loop
      vertex 3.3483847619047618 6.449580952380953 0.0
      vertex 1.5504190476190474 3.3483847619047618 0.0
      vertex 1.5504190476190474 4.651615238095238 0.0
    endloop
  endfacet
  facet normal 0.0 0.0 1.0
    outer loop
      vertex 3.3483847619047618 1.5504190476190474 6.927961904761904
      vertex 4.651615238095238 1.5504190476190474 6.927961904761904
      vertex 6.449580952380953 3.3483847619047618 6.927961904761904
    endloop
  endfacet
  facet normal 0.0 0.0 1.0
    outer loop
      vertex 4.651615238095238 6.449580952380953 6.927961904761904
      vertex 3.3483847619047618 1.5504190476190474 6.927961904761904
      vertex 6.449580952380953 4.651615238095238 6.927961904761904
    endloop
  endfacet
  facet normal 0.0 0.0 1.0
    outer loop
      vertex 6.449580952380953 4.651615238095238 6.927961904761904
      vertex 3.3483847619047618 1.5504190476190474 6.927961904761904
      vertex 6.449580952380953 3.3483847619047618 6.927961904761904
    endloop
  endfacet
  facet normal -0.0 0.0 1.0
    outer loop
      vertex 3.3483847619047618 6.449580952380953 6.927961904761904
      vertex 3.3483847619047618 1.5504190476190474 6.927961904761904
      vertex 4.651615238095238 6.449580952380953 6.927961904761904
    endloop
  endfacet
  facet normal -0.0 0.0 1.0
    outer loop
      vertex 1.5504190476190474 4.651615238095238 6.927961904761904
      vertex 3.3483847619047618 1.5504190476190474 6.927961904761904
      vertex 3.3483847619047618 6.449580952380953 6.927961904761904
    endloop
  endfacet
  facet normal -0.0 0.0 1.0
    outer loop
      vertex 1.5504190476190474 3.3483847619047618 6.927961904761904
      vertex 3.3483847619047618 1.5504190476190474 6.927961904761904
      vertex 1.5504190476190474 4.651615238095238 6.927961904761904
    endloop
  endfacet
  facet normal -0.5000003010813849 -0.5000003010813849 0.7071063553929131
    outer loop
      vertex 2.4495733333333334 0.6516190476190474 5.656857142857143
      vertex 3.3483847619047618 1.5504190476190474 6.927961904761904
      vertex 1.5504190476190474 3.3483847619047618 6.927961904761904
    endloop
  endfacet
  facet normal -0.500000301081385 -0.500000301081385 0.7071063553929132
    outer loop
      vertex 0.6516190476190474 2.4495733333333334 5.656857142857143
      vertex 2.4495733333333334 0.6516190476190474 5.656857142857143
      vertex 1.5504190476190474 3.3483847619047618 6.927961904761904
    endloop
  endfacet
  facet normal 0.5000003010813852 0.5000003010813852 -0.707106355392913
    outer loop
      vertex 7.3483809523809525 5.550426666666667 1.271104761904762
      vertex 6.449580952380953 4.651615238095238 0.0
      vertex 5.550426666666667 7.3483809523809525 1.271104761904762
    endloop
  endfacet
  facet normal 0.500000301081385 0.500000301081385 -0.707106355392913
    outer loop
      vertex 5.550426666666667 7.3483809523809525 1.271104761904762
      vertex 6.449580952380953 4.651615238095238 0.0
      vertex 4.651615238095238 6.449580952380953 0.0
    endloop
  endfacet
  facet normal 0.7071067811835265 0.7071067811835265 2.923124671415666e-06
    outer loop
      vertex 7.3483809523809525 5.550426666666667 5.656857142857143
      vertex 8.0 4.898811428571428 4.735329523809523
      vertex 5.550426666666667 7.3483809523809525 5.656857142857143
    endloop
  endfacet
  facet normal 0.7071062313472706 0.7071073310253968 0.0
    outer loop
      vertex 5.550426666666667 7.3483809523809525 5.656857142857143
      vertex 8.0 4.898811428571428 4.735329523809523
      vertex 8.0 4.898811428571428 2.192632380952381
    endloop
  endfacet
  facet normal 0.7071054727826342 0.7071080895872259 -1.072768050185566e-06
    outer loop
      vertex 5.550426666666667 7.3483809523809525 5.656857142857143
      vertex 8.0 4.898811428571428 2.192632380952381
      vertex 7.3483809523809525 5.550426666666667 1.271104761904762
    endloop
  endfacet
  facet normal 0.7071067811865476 0.7071067811865476 0.0
    outer loop
      vertex 5.550426666666667 7.3483809523809525 5.656857142857143
      vertex 7.3483809523809525 5.550426666666667 1.271104761904762
      vertex 5.550426666666667 7.3483809523809525 1.271104761904762
    endloop
  endfacet
  facet normal 0.7071088481488821 0.7071047142181711 0.0
    outer loop
      vertex 5.550426666666667 7.3483809523809525 5.656857142857143
      vertex 5.550426666666667 7.3483809523809525 1.271104761904762
      vertex 4.898811428571428 8.0 2.192632380952381
    endloop
  endfacet
  facet normal 0.7071088481488821 0.707104714218171 0.0
    outer loop
      vertex 5.550426666666667 7.3483809523809525 5.656857142857143
      vertex 4.898811428571428 8.0 2.192632380952381
      vertex 4.898811428571428 8.0 4.735329523809523
    endloop
  endfacet
  facet normal 0.500000301081385 0.500000301081385 0.707106355392913
    outer loop
      vertex 6.449580952380953 4.651615238095238 6.927961904761904
      vertex 7.3483809523809525 5.550426666666667 5.656857142857143
      vertex 5.550426666666667 7.3483809523809525 5.656857142857143
    endloop
  endfacet
  facet normal 0.500000301081385 0.500000301081385 0.7071063553929131
    outer loop
      vertex 4.651615238095238 6.449580952380953 6.927961904761904
      vertex 6.449580952380953 4.651615238095238 6.927961904761904
      vertex 5.550426666666667 7.3483809523809525 5.656857142857143
    endloop
  endfacet
  facet normal 0.0 -0.8164963223277575 0.5773506349050347
    outer loop
      vertex 3.101188571428571 0.0 4.735329523809523
      vertex 4.898811428571428 0.0 4.735329523809523
      vertex 5.550426666666667 0.6516190476190474 5.656857142857143
    endloop
  endfacet
  facet normal 0.0 -0.8164976653593801 0.577348735568618
    outer loop
      vertex 3.3483847619047618 1.5504190476190474 6.927961904761904
      vertex 3.101188571428571 0.0 4.735329523809523
      vertex 4.651615238095238 1.5504190476190474 6.927961904761904
    endloop
  endfacet
  facet normal 1.460508277379703e-06 -0.8164981521941174 0.5773480470751234
    outer loop
      vertex 4.651615238095238 1.5504190476190474 6.927961904761904
      vertex 3.101188571428571 0.0 4.735329523809523
      vertex 5.550426666666667 0.6516190476190474 5.656857142857143
    endloop
  endfacet
  facet normal -3.475060725061973e-06 -0.8164974806694547 0.5773489967501091
    outer loop
      vertex 2.4495733333333334 0.6516190476190474 5.656857142857143
      vertex 3.101188571428571 0.0 4.735329523809523
      vertex 3.3483847619047618 1.5504190476190474 6.927961904761904
    endloop
  endfacet
  facet normal 0.0 -1.0 0.0
    outer loop
      vertex 3.101188571428571 0.0 2.192632380952381
      vertex 4.898811428571428 0.0 2.192632380952381
      vertex 4.898811428571428 0.0 4.735329523809523
    endloop
  endfacet
  facet normal 0.0 -1.0 0.0
    outer loop
      vertex 3.101188571428571 0.0 4.735329523809523
      vertex 3.101188571428571 0.0 2.192632380952381
      vertex 4.898811428571428 0.0 4.735329523809523
    endloop
  endfacet
  facet normal 0.0 -0.8164986390326525 -0.5773473585787208
    outer loop
      vertex 3.3483847619047618 1.5504190476190474 0.0
      vertex 4.651615238095238 1.5504190476190474 0.0
      vertex 5.550426666666667 0.6516190476190474 1.271104761904762
    endloop
  endfacet
  facet normal 0.0 -0.8164976653593801 -0.5773487355686181
    outer loop
      vertex 3.101188571428571 0.0 2.192632380952381
      vertex 3.3483847619047618 1.5504190476190474 0.0
      vertex 4.898811428571428 0.0 2.192632380952381
    endloop
  endfacet
  facet normal 2.014552447984839e-06 -0.8164969938399558 -0.5773496852395927
    outer loop
      vertex 4.898811428571428 0.0 2.192632380952381
      vertex 3.3483847619047618 1.5504190476190474 0.0
      vertex 5.550426666666667 0.6516190476190474 1.271104761904762
    endloop
  endfacet
  facet normal -3.475060725445026e-06 -0.8164974806694546 -0.5773489967501092
    outer loop
      vertex 2.4495733333333334 0.6516190476190474 1.271104761904762
      vertex 3.3483847619047618 1.5504190476190474 0.0
      vertex 3.101188571428571 0.0 2.192632380952381
    endloop
  endfacet
  facet normal 0.5000003010813852 -0.5000003010813852 -0.707106355392913
    outer loop
      vertex 7.3483809523809525 2.4495733333333334 1.271104761904762
      vertex 5.550426666666667 0.6516190476190474 1.271104761904762
      vertex 6.449580952380953 3.3483847619047618 0.0
    endloop
  endfacet
  facet normal 0.500000301081385 -0.5000003010813852 -0.7071063553929131
    outer loop
      vertex 6.449580952380953 3.3483847619047618 0.0
      vertex 5.550426666666667 0.6516190476190474 1.271104761904762
      vertex 4.651615238095238 1.5504190476190474 0.0
    endloop
  endfacet
  facet normal 0.8164963223277572 0.0 -0.577350634905035
    outer loop
      vertex 7.3483809523809525 5.550426666666667 1.271104761904762
      vertex 8.0 4.898811428571428 2.192632380952381
      vertex 8.0 3.101188571428571 2.192632380952381
    endloop
  endfacet
  facet normal 0.8164986390326527 0.0 -0.5773473585787207
    outer loop
      vertex 6.449580952380953 3.3483847619047618 0.0
      vertex 7.3483809523809525 5.550426666666667 1.271104761904762
      vertex 7.3483809523809525 2.4495733333333334 1.271104761904762
    endloop
  endfacet
  facet normal 0.8164963223277573 0.0 -0.5773506349050351
    outer loop
      vertex 7.3483809523809525 2.4495733333333334 1.271104761904762
      vertex 7.3483809523809525 5.550426666666667 1.271104761904762
      vertex 8.0 3.101188571428571 2.192632380952381
    endloop
  endfacet
  facet normal 0.8164986390326527 0.0 -0.5773473585787207
    outer loop
      vertex 6.449580952380953 4.651615238095238 0.0
      vertex 7.3483809523809525 5.550426666666667 1.271104761904762
      vertex 6.449580952380953 3.3483847619047618 0.0
    endloop
  endfacet
  facet normal 0.8164974806694547 -3.47506072528086e-06 0.577348996750109
    outer loop
      vertex 6.449580952380953 3.3483847619047618 6.927961904761904
      vertex 7.3483809523809525 2.4495733333333334 5.656857142857143
      vertex 8.0 3.101188571428571 4.735329523809523
    endloop
  endfacet
  facet normal 0.8164969938399559 2.014552447857946e-06 0.5773496852395925
    outer loop
      vertex 7.3483809523809525 5.550426666666667 5.656857142857143
      vertex 6.449580952380953 3.3483847619047618 6.927961904761904
      vertex 8.0 4.898811428571428 4.735329523809523
    endloop
  endfacet
  facet normal 0.8164976653593801 0.0 0.5773487355686179
    outer loop
      vertex 8.0 4.898811428571428 4.735329523809523
      vertex 6.449580952380953 3.3483847619047618 6.927961904761904
      vertex 8.0 3.101188571428571 4.735329523809523
    endloop
  endfacet
  facet normal 0.8164986390326526 0.0 0.5773473585787207
    outer loop
      vertex 6.449580952380953 4.651615238095238 6.927961904761904
      vertex 6.449580952380953 3.3483847619047618 6.927961904761904
      vertex 7.3483809523809525 5.550426666666667 5.656857142857143
    endloop
  endfacet
  facet normal 0.500000301081385 -0.500000301081385 0.707106355392913
    outer loop
      vertex 5.550426666666667 0.6516190476190474 5.656857142857143
      vertex 7.3483809523809525 2.4495733333333334 5.656857142857143
      vertex 6.449580952380953 3.3483847619047618 6.927961904761904
    endloop
  endfacet
  facet normal 0.5000003010813848 -0.5000003010813849 0.7071063553929131
    outer loop
      vertex 4.651615238095238 1.5504190476190474 6.927961904761904
      vertex 5.550426666666667 0.6516190476190474 5.656857142857143
      vertex 6.449580952380953 3.3483847619047618 6.927961904761904
    endloop
  endfacet
  facet normal 1.0 0.0 0.0
    outer loop
      vertex 8.0 3.101188571428571 4.735329523809523
      vertex 8.0 3.101188571428571 2.192632380952381
      vertex 8.0 4.898811428571428 2.192632380952381
    endloop
  endfacet
  facet normal 1.0 0.0 0.0
    outer loop
      vertex 8.0 4.898811428571428 4.735329523809523
      vertex 8.0 3.101188571428571 4.735329523809523
      vertex 8.0 4.898811428571428 2.192632380952381
    endloop
  endfacet
  facet normal 0.7071067811835264 -0.7071067811835264 -2.923124671605193e-06
    outer loop
      vertex 5.550426666666667 0.6516190476190474 1.271104761904762
      vertex 7.3483809523809525 2.4495733333333334 1.271104761904762
      vertex 8.0 3.101188571428571 2.192632380952381
    endloop
  endfacet
  facet normal 0.7071054727826341 -0.7071080895872262 1.0727680503942304e-06
    outer loop
      vertex 7.3483809523809525 2.4495733333333334 5.656857142857143
      vertex 5.550426666666667 0.6516190476190474 1.271104761904762
      vertex 8.0 3.101188571428571 4.735329523809523
    endloop
  endfacet
  facet normal 0.7071062313472706 -0.7071073310253969 0.0
    outer loop
      vertex 8.0 3.101188571428571 4.735329523809523
      vertex 5.550426666666667 0.6516190476190474 1.271104761904762
      vertex 8.0 3.101188571428571 2.192632380952381
    endloop
  endfacet
  facet normal 0.7071067811865476 -0.7071067811865476 0.0
    outer loop
      vertex 5.550426666666667 0.6516190476190474 5.656857142857143
      vertex 5.550426666666667 0.6516190476190474 1.271104761904762
      vertex 7.3483809523809525 2.4495733333333334 5.656857142857143
    endloop
  endfacet
  facet normal 0.707108848148882 -0.7071047142181712 0.0
    outer loop
      vertex 4.898811428571428 0.0 4.735329523809523
      vertex 5.550426666666667 0.6516190476190474 1.271104761904762
      vertex 5.550426666666667 0.6516190476190474 5.656857142857143
    endloop
  endfacet
  facet normal 0.7071088481488819 -0.7071047142181711 0.0
    outer loop
      vertex 4.898811428571428 0.0 2.192632380952381
      vertex 5.550426666666667 0.6516190476190474 1.271104761904762
      vertex 4.898811428571428 0.0 4.735329523809523
    endloop
  endfacet
endsolid thingi10k_90226
