solid thingi10k_90224
  facet normal 0.5000009696608315 -0.7071054098763893 0.5000009696608315
    outer loop
      vertex 2.828425678064548 0.0 2.8284256780645487
      vertex 5.656851356129097 2.000006734346852 2.8284256780645487
      vertex 2.8284256780645487 2.000006734346852 5.656851356129097
    endloop
  endfacet
  facet normal 0.4999992727713718 -0.7071078096416407 0.4999992727713718
    outer loop
      vertex 2.8284256780645487 2.000006734346852 5.656851356129097
      vertex 5.656851356129097 2.000006734346852 2.8284256780645487
      vertex 5.656851356129097 3.999999893575096 5.656851356129097
    endloop
  endfacet
  facet normal 0.0 0.0 1.0
    outer loop
      vertex 2.828425678064549 5.999993265653147 5.656851356129097
      vertex 0.0 4.000000106424904 5.656851356129097
      vertex 5.656851356129097 4.000000106424904 5.656851356129097
    endloop
  endfacet
  facet normal 0.0 0.0 1.0
    outer loop
      vertex 5.656851356129097 4.000000106424904 5.656851356129097
      vertex 0.0 4.000000106424904 5.656851356129097
      vertex 0.0 3.999999893575096 5.656851356129097
    endloop
  endfacet
  facet normal 0.0 0.0 1.0
    outer loop
      vertex 5.656851356129097 4.000000106424904 5.656851356129097
      vertex 0.0 3.999999893575096 5.656851356129097
      vertex 2.8284256780645487 2.000006734346852 5.656851356129097
    endloop
  endfacet
  facet normal 0.0 0.0 1.0
    outer loop
      vertex 5.656851356129097 4.000000106424904 5.656851356129097
      vertex 2.8284256780645487 2.000006734346852 5.656851356129097
      vertex 5.656851356129097 3.999999893575096 5.656851356129097
    endloop
  endfacet
  facet normal 1.0 0.0 -0.0
    outer loop
      vertex 5.656851356129097 3.999999893575096 0.0
      vertex 5.656851356129097 4.000000106424904 0.0
      vertex 5.656851356129097 2.000006734346852 2.8284256780645487
    endloop
  endfacet
  facet normal 1.0 -0.0 0.0
    outer loop
      vertex 5.656851356129097 2.000006734346852 2.8284256780645487
      vertex 5.656851356129097 4.000000106424904 0.0
      vertex 5.656851356129097 5.999993265653147 2.8284256780645487
    endloop
  endfacet
  facet normal 1.0 0.0 0.0
    outer loop
      vertex 5.656851356129097 2.000006734346852 2.8284256780645487
      vertex 5.656851356129097 5.999993265653147 2.8284256780645487
      vertex 5.656851356129097 4.000000106424904 5.656851356129097
    endloop
  endfacet
  facet normal 1.0 0.0 0.0
    outer loop
      vertex 5.656851356129097 2.000006734346852 2.8284256780645487
      vertex 5.656851356129097 4.000000106424904 5.656851356129097
      vertex 5.656851356129097 3.999999893575096 5.656851356129097
    endloop
  endfacet
  facet normal -0.5000018181071042 -0.7071066097559607 0.49999842432653896
    outer loop
      vertex 0.0 2.000006734346852 2.8284256780645487
      vertex 2.828425678064548 0.0 2.8284256780645487
      vertex 0.0 3.999999893575096 5.656851356129097
    endloop
  endfacet
  facet normal 0.0 0.0 0.0
    outer loop
      vertex 0.0 3.999999893575096 5.656851356129097
      vertex 2.828425678064548 0.0 2.8284256780645487
      vertex 2.828425678064548 0.0 2.8284256780645487
    endloop
  endfacet
  facet normal -0.49999842432653896 -0.7071066097559607 0.5000018181071042
    outer loop
      vertex 0.0 3.999999893575096 5.656851356129097
      vertex 2.828425678064548 0.0 2.8284256780645487
      vertex 2.8284256780645487 2.000006734346852 5.656851356129097
    endloop
  endfacet
  facet normal 0.0 0.0 0.0
    outer loop
      vertex 2.828425678064548 0.0 2.8284256780645487
      vertex 2.8284256780645483 2.000006734346852 0.0
      vertex 2.828425678064548 0.0 2.8284256780645487
    endloop
  endfacet
  facet normal 0.49999842432653885 -0.7071066097559608 -0.5000018181071041
    outer loop
      vertex 2.828425678064548 0.0 2.8284256780645487
      vertex 2.8284256780645483 2.000006734346852 0.0
      vertex 5.656851356129097 3.999999893575096 0.0
    endloop
  endfacet
  facet normal 0.500001818107104 -0.7071066097559608 -0.49999842432653896
    outer loop
      vertex 2.828425678064548 0.0 2.8284256780645487
      vertex 5.656851356129097 3.999999893575096 0.0
      vertex 5.656851356129097 2.000006734346852 2.8284256780645487
    endloop
  endfacet
  facet normal 0.5000009696608316 0.7071054098763893 0.5000009696608316
    outer loop
      vertex 5.656851356129097 5.999993265653147 2.8284256780645487
      vertex 2.828425678064549 7.999999999999999 2.8284256780645487
      vertex 2.828425678064549 5.999993265653147 5.656851356129097
    endloop
  endfacet
  facet normal 0.49999927277137185 0.7071078096416407 0.4999992727713718
    outer loop
      vertex 5.656851356129097 4.000000106424904 5.656851356129097
      vertex 5.656851356129097 5.999993265653147 2.8284256780645487
      vertex 2.828425678064549 5.999993265653147 5.656851356129097
    endloop
  endfacet
  facet normal -1.0 0.0 0.0
    outer loop
      vertex 0.0 5.999993265653147 2.8284256780645487
      vertex 0.0 4.000000106424904 0.0
      vertex 0.0 3.999999893575096 0.0
    endloop
  endfacet
  facet normal -1.0 0.0 -0.0
    outer loop
      vertex 0.0 3.999999893575096 5.656851356129097
      vertex 0.0 5.999993265653147 2.8284256780645487
      vertex 0.0 2.000006734346852 2.8284256780645487
    endloop
  endfacet
  facet normal -1.0 0.0 0.0
    outer loop
      vertex 0.0 2.000006734346852 2.8284256780645487
      vertex 0.0 5.999993265653147 2.8284256780645487
      vertex 0.0 3.999999893575096 0.0
    endloop
  endfacet
  facet normal -1.0 -0.0 -0.0
    outer loop
      vertex 0.0 4.000000106424904 5.656851356129097
      vertex 0.0 5.999993265653147 2.8284256780645487
      vertex 0.0 3.999999893575096 5.656851356129097
    endloop
  endfacet
  facet normal 0.0 0.0 0.0
    outer loop
      vertex 2.828425678064549 7.999999999999999 2.8284256780645487
      vertex 2.828425678064549 7.999999999999999 2.8284256780645487
      vertex 0.0 5.999993265653147 2.8284256780645487
    endloop
  endfacet
  facet normal -0.49999842432653896 0.7071066097559608 0.5000018181071041
    outer loop
      vertex 2.828425678064549 5.999993265653147 5.656851356129097
      vertex 2.828425678064549 7.999999999999999 2.8284256780645487
      vertex 0.0 4.000000106424904 5.656851356129097
    endloop
  endfacet
  facet normal -0.500001818107104 0.7071066097559608 0.499998424326539
    outer loop
      vertex 0.0 4.000000106424904 5.656851356129097
      vertex 2.828425678064549 7.999999999999999 2.8284256780645487
      vertex 0.0 5.999993265653147 2.8284256780645487
    endloop
  endfacet
  facet normal 0.49999842432653896 0.7071066097559607 -0.5000018181071041
    outer loop
      vertex 5.656851356129097 4.000000106424904 0.0
      vertex 2.8284256780645487 5.999993265653147 0.0
      vertex 2.828425678064549 7.999999999999999 2.8284256780645487
    endloop
  endfacet
  facet normal 0.5000018181071041 0.7071066097559607 -0.49999842432653896
    outer loop
      vertex 5.656851356129097 5.999993265653147 2.8284256780645487
      vertex 5.656851356129097 4.000000106424904 0.0
      vertex 2.828425678064549 7.999999999999999 2.8284256780645487
    endloop
  endfacet
  facet normal 0.0 0.0 0.0
    outer loop
      vertex 2.828425678064549 7.999999999999999 2.8284256780645487
      vertex 5.656851356129097 4.000000106424904 0.0
      vertex 2.828425678064549 7.999999999999999 2.8284256780645487
    endloop
  endfacet
  facet normal 0.0 0.0 -1.0
    outer loop
      vertex 2.8284256780645483 2.000006734346852 0.0
      vertex 0.0 3.999999893575096 0.0
      vertex 0.0 4.000000106424904 0.0
    endloop
  endfacet
  facet normal -0.0 0.0 -1.0
    outer loop
      vertex 5.656851356129097 4.000000106424904 0.0
      vertex 2.8284256780645483 2.000006734346852 0.0
      vertex 2.8284256780645487 5.999993265653147 0.0
    endloop
  endfacet
  facet normal 0.0 0.0 -1.0
    outer loop
      vertex 2.8284256780645487 5.999993265653147 0.0
      vertex 2.8284256780645483 2.000006734346852 0.0
      vertex 0.0 4.000000106424904 0.0
    endloop
  endfacet
  facet normal -0.0 0.0 -1.0
    outer loop
      vertex 5.656851356129097 3.999999893575096 0.0
      vertex 2.8284256780645483 2.000006734346852 0.0
      vertex 5.656851356129097 4.000000106424904 0.0
    endloop
  endfacet
  facet normal -0.5000018181071042 -0.7071066097559607 -0.49999842432653896
    outer loop
      vertex 0.0 2.000006734346852 2.8284256780645487
      vertex 0.0 3.999999893575096 0.0
      vertex 2.828425678064548 0.0 2.8284256780645487
    endloop
  endfacet
  facet normal -0.49999842432653896 -0.7071066097559607 -0.5000018181071042
    outer loop
      vertex 2.828425678064548 0.0 2.8284256780645487
      vertex 0.0 3.999999893575096 0.0
      vertex 2.8284256780645483 2.000006734346852 0.0
    endloop
  endfacet
  facet normal -0.4999992727713718 0.7071078096416407 -0.4999992727713718
    outer loop
      vertex 2.8284256780645487 5.999993265653147 0.0
      vertex 0.0 4.000000106424904 0.0
      vertex 0.0 5.999993265653147 2.8284256780645487
    endloop
  endfacet
  facet normal -0.5000009696608315 0.7071054098763893 -0.5000009696608315
    outer loop
      vertex 2.828425678064549 7.999999999999999 2.8284256780645487
      vertex 2.8284256780645487 5.999993265653147 0.0
      vertex 0.0 5.999993265653147 2.8284256780645487
    endloop
  endfacet
endsolid thingi10k_90224
